0 0.00000
1 1.00000
2 2.00000
3 3.00000
4 4.00000
5 5.00000
6 6.00000
7 7.00000
8 8.00000
9 9.00000
10 10.00000
11 11.00000
12 12.00000
13 13.00000
14 14.00000
15 15.00000
16 16.00000
17 17.00000
18 18.00000
19 19.00000
20 20.00000
21 21.00000
22 22.00000
23 23.00000
24 24.00000
25 25.00000
26 26.00000
27 27.00000
28 28.00000
29 29.00000
30 30.00000
31 31.00000
32 32.00000
33 33.00000
34 34.00000
35 35.00000
36 36.00000
37 37.00000
38 38.00000
39 39.00000
40 40.00000
41 41.00000
42 42.00000
43 43.00000
44 44.00000
45 45.00000
46 46.00000
47 47.00000
48 48.00000
49 49.00000
50 50.00000
51 51.00000
52 52.00000
53 53.00000
54 54.00000
55 55.00000
56 56.00000
57 57.00000
58 58.00000
59 59.00000
60 60.00000
61 61.00000
62 62.00000
63 63.00000
64 64.00000
65 65.00000
66 66.00000
67 67.00000
68 68.00000
69 69.00000
70 70.00000
71 71.00000
72 72.00000
73 73.00000
74 74.00000
75 75.00000
76 76.00000
77 77.00000
78 78.00000
79 79.00000
80 80.00000
81 81.00000
82 82.00000
83 83.00000
84 84.00000
85 85.00000
86 86.00000
87 87.00000
88 88.00000
89 89.00000
90 90.00000
91 91.00000
92 92.00000
93 93.00000
94 94.00000
95 95.00000
96 96.00000
97 97.00000
98 98.00000
99 99.00000
100 100.00000
101 101.00000
102 102.00000
103 103.00000
104 104.00000
105 105.00000
106 106.00000
107 107.00000
108 108.00000
109 109.00000
110 110.00000
111 111.00000
112 112.00000
113 113.00000
114 114.00000
115 115.00000
116 116.00000
117 117.00000
118 118.00000
119 119.00000
120 120.00000
121 121.00000
122 122.00000
123 123.00000
124 124.00000
125 125.00000
126 126.00000
127 127.00000
128 128.00000
129 129.00000
130 130.00000
131 131.00000
132 132.00000
133 133.00000
134 134.00000
135 135.00000
136 136.00000
137 137.00000
138 138.00000
139 139.00000
140 140.00000
141 141.00000
142 142.00000
143 143.00000
144 144.00000
145 145.00000
146 146.00000
147 147.00000
148 148.00000
149 149.00000
150 150.00000
151 151.00000
152 152.00000
153 153.00000
154 154.00000
155 155.00000
156 156.00000
157 157.00000
158 158.00000
159 159.00000
160 160.00000
161 161.00000
162 162.00000
163 163.00000
164 164.00000
165 165.00000
166 166.00000
167 167.00000
168 168.00000
169 169.00000
170 170.00000
171 171.00000
172 172.00000
173 173.00000
174 174.00000
175 175.00000
176 176.00000
177 177.00000
178 178.00000
179 179.00000
180 180.00000
181 181.00000
182 182.00000
183 183.00000
184 184.00000
185 185.00000
186 186.00000
187 187.00000
188 188.00000
189 189.00000
190 190.00000
191 191.00000
192 192.00000
193 193.00000
194 194.00000
195 195.00000
196 196.00000
197 197.00000
198 198.00000
199 199.00000
200 200.00000
201 201.00000
202 202.00000
203 203.00000
204 204.00000
205 205.00000
206 206.00000
207 207.00000
208 208.00000
209 209.00000
210 210.00000
211 211.00000
212 212.00000
213 213.00000
214 214.00000
215 215.00000
216 216.00000
217 217.00000
218 218.00000
219 219.00000
220 220.00000
221 221.00000
222 222.00000
223 223.00000
224 224.00000
225 225.00000
226 226.00000
227 227.00000
228 228.00000
229 229.00000
230 230.00000
231 231.00000
232 232.00000
233 233.00000
234 234.00000
235 235.00000
236 236.00000
237 237.00000
238 238.00000
239 239.00000
240 240.00000
241 241.00000
242 242.00000
243 243.00000
244 244.00000
245 245.00000
246 246.00000
247 247.00000
248 248.00000
249 249.00000
250 250.00000
251 251.00000
252 252.00000
253 253.00000
254 254.00000
255 255.00000
256 256.00000
257 257.00000
258 258.00000
259 259.00000
260 260.00000
261 261.00000
262 262.00000
263 263.00000
264 264.00000
265 265.00000
266 266.00000
267 267.00000
268 268.00000
269 269.00000
270 270.00000
271 271.00000
272 272.00000
273 273.00000
274 274.00000
275 275.00000
276 276.00000
277 277.00000
278 278.00000
279 279.00000
280 280.00000
281 281.00000
282 282.00000
283 283.00000
284 284.00000
285 285.00000
286 286.00000
287 287.00000
288 288.00000
289 289.00000
290 290.00000
291 291.00000
292 292.00000
293 293.00000
294 294.00000
295 295.00000
296 296.00000
297 297.00000
298 298.00000
299 299.00000
300 300.00000
301 301.00000
302 302.00000
303 303.00000
304 304.00000
305 305.00000
306 306.00000
307 307.00000
308 308.00000
309 309.00000
310 310.00000
311 311.00000
312 312.00000
313 313.00000
314 314.00000
315 315.00000
316 316.00000
317 317.00000
318 318.00000
319 319.00000
320 320.00000
321 321.00000
322 322.00000
323 323.00000
324 324.00000
325 325.00000
326 326.00000
327 327.00000
328 328.00000
329 329.00000
330 330.00000
331 331.00000
332 332.00000
333 333.00000
334 334.00000
335 335.00000
336 336.00000
337 337.00000
338 338.00000
339 339.00000
340 340.00000
341 341.00000
342 342.00000
343 343.00000
344 344.00000
345 345.00000
346 346.00000
347 347.00000
348 348.00000
349 349.00000
350 350.00000
351 351.00000
352 352.00000
353 353.00000
354 354.00000
355 355.00000
356 356.00000
357 357.00000
358 358.00000
359 359.00000
360 360.00000
361 361.00000
362 362.00000
363 363.00000
364 364.00000
365 365.00000
366 366.00000
367 367.00000
368 368.00000
369 369.00000
370 370.00000
371 371.00000
372 372.00000
373 373.00000
374 374.00000
375 375.00000
376 376.00000
377 377.00000
378 378.00000
379 379.00000
380 380.00000
381 381.00000
382 382.00000
383 383.00000
384 384.00000
385 385.00000
386 386.00000
387 387.00000
388 388.00000
389 389.00000
390 390.00000
391 391.00000
392 392.00000
393 393.00000
394 394.00000
395 395.00000
396 396.00000
397 397.00000
398 398.00000
399 399.00000
400 400.00000
401 401.00000
402 402.00000
403 403.00000
404 404.00000
405 405.00000
406 406.00000
407 407.00000
408 408.00000
409 409.00000
410 410.00000
411 411.00000
412 412.00000
413 413.00000
414 414.00000
415 415.00000
416 416.00000
417 417.00000
418 418.00000
419 419.00000
420 420.00000
421 421.00000
422 422.00000
423 423.00000
424 424.00000
425 425.00000
426 426.00000
427 427.00000
428 428.00000
429 429.00000
430 430.00000
431 431.00000
432 432.00000
433 433.00000
434 434.00000
435 435.00000
436 436.00000
437 437.00000
438 438.00000
439 439.00000
440 440.00000
441 441.00000
442 442.00000
443 443.00000
444 444.00000
445 445.00000
446 446.00000
447 447.00000
448 448.00000
449 449.00000
450 450.00000
451 451.00000
452 452.00000
453 453.00000
454 454.00000
455 455.00000
456 456.00000
457 457.00000
458 458.00000
459 459.00000
460 460.00000
461 461.00000
462 462.00000
463 463.00000
464 464.00000
465 465.00000
466 466.00000
467 467.00000
468 468.00000
469 469.00000
470 470.00000
471 471.00000
472 472.00000
473 473.00000
474 474.00000
475 475.00000
476 476.00000
477 477.00000
478 478.00000
479 479.00000
480 480.00000
481 481.00000
482 482.00000
483 483.00000
484 484.00000
485 485.00000
486 486.00000
487 487.00000
488 488.00000
489 489.00000
490 490.00000
491 491.00000
492 492.00000
493 493.00000
494 494.00000
495 495.00000
496 496.00000
497 497.00000
498 498.00000
499 499.00000
500 500.00000
501 501.00000
502 502.00000
503 503.00000
504 504.00000
505 505.00000
506 506.00000
507 507.00000
508 508.00000
509 509.00000
510 510.00000
511 511.00000
512 512.00000
513 513.00000
514 514.00000
515 515.00000
516 516.00000
517 517.00000
518 518.00000
519 519.00000
520 520.00000
521 521.00000
522 522.00000
523 523.00000
524 524.00000
525 525.00000
526 526.00000
527 527.00000
528 528.00000
529 529.00000
530 530.00000
531 531.00000
532 532.00000
533 533.00000
534 534.00000
535 535.00000
536 536.00000
537 537.00000
538 538.00000
539 539.00000
540 540.00000
541 541.00000
542 542.00000
543 543.00000
544 544.00000
545 545.00000
546 546.00000
547 547.00000
548 548.00000
549 549.00000
550 550.00000
551 551.00000
552 552.00000
553 553.00000
554 554.00000
555 555.00000
556 556.00000
557 557.00000
558 558.00000
559 559.00000
560 560.00000
561 561.00000
562 562.00000
563 563.00000
564 564.00000
565 565.00000
566 566.00000
567 567.00000
568 568.00000
569 569.00000
570 570.00000
571 571.00000
572 572.00000
573 573.00000
574 574.00000
575 575.00000
576 576.00000
577 577.00000
578 578.00000
579 579.00000
580 580.00000
581 581.00000
582 582.00000
583 583.00000
584 584.00000
585 585.00000
586 586.00000
587 587.00000
588 588.00000
589 589.00000
590 590.00000
591 591.00000
592 592.00000
593 593.00000
594 594.00000
595 595.00000
596 596.00000
597 597.00000
598 598.00000
599 599.00000
600 600.00000
601 601.00000
602 602.00000
603 603.00000
604 604.00000
605 605.00000
606 606.00000
607 607.00000
608 608.00000
609 609.00000
610 610.00000
611 611.00000
612 612.00000
613 613.00000
614 614.00000
615 615.00000
616 616.00000
617 617.00000
618 618.00000
619 619.00000
620 620.00000
621 621.00000
622 622.00000
623 623.00000
624 624.00000
625 625.00000
626 626.00000
627 627.00000
628 628.00000
629 629.00000
630 630.00000
631 631.00000
632 632.00000
633 633.00000
634 634.00000
635 635.00000
636 636.00000
637 637.00000
638 638.00000
639 639.00000
640 640.00000
641 641.00000
642 642.00000
643 643.00000
644 644.00000
645 645.00000
646 646.00000
647 647.00000
648 648.00000
649 649.00000
650 650.00000
651 651.00000
652 652.00000
653 653.00000
654 654.00000
655 655.00000
656 656.00000
657 657.00000
658 658.00000
659 659.00000
660 660.00000
661 661.00000
662 662.00000
663 663.00000
664 664.00000
665 665.00000
666 666.00000
667 667.00000
668 668.00000
669 669.00000
670 670.00000
671 671.00000
672 672.00000
673 673.00000
674 674.00000
675 675.00000
676 676.00000
677 677.00000
678 678.00000
679 679.00000
680 680.00000
681 681.00000
682 682.00000
683 683.00000
684 684.00000
685 685.00000
686 686.00000
687 687.00000
688 688.00000
689 689.00000
690 690.00000
691 691.00000
692 692.00000
693 693.00000
694 694.00000
695 695.00000
696 696.00000
697 697.00000
698 698.00000
699 699.00000
700 700.00000
701 701.00000
702 702.00000
703 703.00000
704 704.00000
705 705.00000
706 706.00000
707 707.00000
708 708.00000
709 709.00000
710 710.00000
711 711.00000
712 712.00000
713 713.00000
714 714.00000
715 715.00000
716 716.00000
717 717.00000
718 718.00000
719 719.00000
720 720.00000
721 721.00000
722 722.00000
723 723.00000
724 724.00000
725 725.00000
726 726.00000
727 727.00000
728 728.00000
729 729.00000
730 730.00000
731 731.00000
732 732.00000
733 733.00000
734 734.00000
735 735.00000
736 736.00000
737 737.00000
738 738.00000
739 739.00000
740 740.00000
741 741.00000
742 742.00000
743 743.00000
744 744.00000
745 745.00000
746 746.00000
747 747.00000
748 748.00000
749 749.00000
750 750.00000
751 751.00000
752 752.00000
753 753.00000
754 754.00000
755 755.00000
756 756.00000
757 757.00000
758 758.00000
759 759.00000
760 760.00000
761 761.00000
762 762.00000
763 763.00000
764 764.00000
765 765.00000
766 766.00000
767 767.00000
768 768.00000
769 769.00000
770 770.00000
771 771.00000
772 772.00000
773 773.00000
774 774.00000
775 775.00000
776 776.00000
777 777.00000
778 778.00000
779 779.00000
780 780.00000
781 781.00000
782 782.00000
783 783.00000
784 784.00000
785 785.00000
786 786.00000
787 787.00000
788 788.00000
789 789.00000
790 790.00000
791 791.00000
792 792.00000
793 793.00000
794 794.00000
795 795.00000
796 796.00000
797 797.00000
798 798.00000
799 799.00000
800 800.00000
801 801.00000
802 802.00000
803 803.00000
804 804.00000
805 805.00000
806 806.00000
807 807.00000
808 808.00000
809 809.00000
810 810.00000
811 811.00000
812 812.00000
813 813.00000
814 814.00000
815 815.00000
816 816.00000
817 817.00000
818 818.00000
819 819.00000
820 820.00000
821 821.00000
822 822.00000
823 823.00000
824 824.00000
825 825.00000
826 826.00000
827 827.00000
828 828.00000
829 829.00000
830 830.00000
831 831.00000
832 832.00000
833 833.00000
834 834.00000
835 835.00000
836 836.00000
837 837.00000
838 838.00000
839 839.00000
840 840.00000
841 841.00000
842 842.00000
843 843.00000
844 844.00000
845 845.00000
846 846.00000
847 847.00000
848 848.00000
849 849.00000
850 850.00000
851 851.00000
852 852.00000
853 853.00000
854 854.00000
855 855.00000
856 856.00000
857 857.00000
858 858.00000
859 859.00000
860 860.00000
861 861.00000
862 862.00000
863 863.00000
864 864.00000
865 865.00000
866 866.00000
867 867.00000
868 868.00000
869 869.00000
870 870.00000
871 871.00000
872 872.00000
873 873.00000
874 874.00000
875 875.00000
876 876.00000
877 877.00000
878 878.00000
879 879.00000
880 880.00000
881 881.00000
882 882.00000
883 883.00000
884 884.00000
885 885.00000
886 886.00000
887 887.00000
888 888.00000
889 889.00000
890 890.00000
891 891.00000
892 892.00000
893 893.00000
894 894.00000
895 895.00000
896 896.00000
897 897.00000
898 898.00000
899 899.00000
900 900.00000
901 901.00000
902 902.00000
903 903.00000
904 904.00000
905 905.00000
906 906.00000
907 907.00000
908 908.00000
909 909.00000
910 910.00000
911 911.00000
912 912.00000
913 913.00000
914 914.00000
915 915.00000
916 916.00000
917 917.00000
918 918.00000
919 919.00000
920 920.00000
921 921.00000
922 922.00000
923 923.00000
924 924.00000
925 925.00000
926 926.00000
927 927.00000
928 928.00000
929 929.00000
930 930.00000
931 931.00000
932 932.00000
933 933.00000
934 934.00000
935 935.00000
936 936.00000
937 937.00000
938 938.00000
939 939.00000
940 940.00000
941 941.00000
942 942.00000
943 943.00000
944 944.00000
945 945.00000
946 946.00000
947 947.00000
948 948.00000
949 949.00000
950 950.00000
951 951.00000
952 952.00000
953 953.00000
954 954.00000
955 955.00000
956 956.00000
957 957.00000
958 958.00000
959 959.00000
960 960.00000
961 961.00000
962 962.00000
963 963.00000
964 964.00000
965 965.00000
966 966.00000
967 967.00000
968 968.00000
969 969.00000
970 970.00000
971 971.00000
972 972.00000
973 973.00000
974 974.00000
975 975.00000
976 976.00000
977 977.00000
978 978.00000
979 979.00000
980 980.00000
981 981.00000
982 982.00000
983 983.00000
984 984.00000
985 985.00000
986 986.00000
987 987.00000
988 988.00000
989 989.00000
990 990.00000
991 991.00000
992 992.00000
993 993.00000
994 994.00000
995 995.00000
996 996.00000
997 997.00000
998 998.00000
999 999.00000
